               t             BF_x             BF_y             BF_z             q1_x             q1_y             q1_z             q2_x             q2_y             q2_z cc          sigma_1              l_1              l_2             u1_x             u1_y             u1_z             u2_x             u2_y             u2_z           FTLE_1           FTLE_2      <q1,q1> - 1      <q2,q2> - 1          <q1,q2>  
 0.000000000E+00  0.702620483E-02 -0.351310242E-01  0.351310242E-01  0.800733761E+00 -0.294868406E+00  0.521419281E+00 -0.219998599E+00  0.664861698E+00  0.713834392E+00  0  0.484625737E+01 -0.358721204E-01 -0.455835868E+01  0.677849962E+00 -0.701084884E+00 -0.221358116E+00  0.219011474E+00  0.421607048E+00  0.879932651E+00              NaN              NaN  0.222044605E-15 -0.222044605E-15 -0.555111512E-16
 0.305005686E-01  0.702620483E-02 -0.351310242E-01  0.351310242E-01  0.807178245E+00 -0.189414936E+00  0.559093251E+00 -0.279756198E+00  0.711261286E+00  0.644859560E+00  0  0.457575057E+01 -0.423070907E+01 -0.692326697E-01 -0.224791522E+00 -0.480133634E+00 -0.847903571E+00  0.673353408E+00 -0.700063240E+00 -0.237711272E+00 -0.207801685E+01 -0.237423848E+01 -0.155431223E-14 -0.888178420E-15 -0.166533454E-14
 0.618674746E-01  0.702620483E-02 -0.351310242E-01  0.351310242E-01  0.810171650E+00 -0.760023049E-01  0.581244825E+00 -0.339323153E+00  0.747739982E+00  0.570740498E+00  0  0.424034612E+01 -0.381865364E+01 -0.113672848E+00 -0.223964395E+00 -0.546975194E+00 -0.806633800E+00  0.660713748E+00 -0.705122916E+00 -0.257408270E+00 -0.219218296E+01 -0.209240853E+01 -0.421884749E-14 -0.155431223E-14 -0.360822483E-14
 0.953410132E-01  0.702620483E-02 -0.351310242E-01  0.351310242E-01  0.810043682E+00  0.453530636E-01  0.584612977E+00 -0.398665671E+00  0.773716319E+00  0.492370532E+00  0  0.382658907E+01 -0.329490120E+01 -0.178331444E+00 -0.209915165E+00 -0.624675659E+00 -0.752140907E+00  0.633972156E+00 -0.719845939E+00 -0.282667879E+00 -0.226620084E+01 -0.181594110E+01 -0.754951657E-14 -0.199840144E-14 -0.549560397E-14
 0.130892296E+00  0.702620483E-02 -0.351310242E-01  0.351310242E-01  0.806731575E+00  0.168768584E+00  0.566304980E+00 -0.455577862E+00  0.787983789E+00  0.414162239E+00  0  0.334787636E+01 -0.265049864E+01 -0.280634986E+00 -0.168715190E+00 -0.712464224E+00 -0.681124008E+00  0.580691742E+00 -0.750054716E+00 -0.316567565E+00 -0.228752629E+01 -0.155652830E+01 -0.115463195E-13 -0.222044605E-14 -0.671684930E-14
 0.165029109E+00  0.702620483E-02 -0.351310242E-01  0.351310242E-01  0.800590330E+00  0.277379367E+00  0.531145753E+00 -0.504043397E+00  0.791072493E+00  0.346618760E+00  0  0.288569933E+01 -0.193916268E+01 -0.452066358E+00 -0.773297016E-01 -0.799229245E+00 -0.596030814E+00  0.479852864E+00 -0.799021004E+00 -0.362362615E+00 -0.225676444E+01 -0.134260287E+01 -0.150990331E-13 -0.166533454E-14 -0.746624984E-14
 0.199341656E+00  0.702620483E-02 -0.351310242E-01  0.351310242E-01  0.791351352E+00  0.373926289E+00  0.483675685E+00 -0.547115188E+00  0.786191233E+00  0.287347032E+00  1  0.245692860E+01 -0.933962116E+00  0.335410422E+00  0.201727415E+00 -0.856657794E+00 -0.443259078E+00  0.134680615E+00  0.636387650E-01  0.823170880E-01 -0.218507301E+01 -0.116075898E+01 -0.180966353E-13 -0.166533454E-14 -0.821565038E-14
 0.233388420E+00  0.702620483E-02 -0.351310242E-01  0.351310242E-01  0.779070186E+00  0.456191079E+00  0.430045746E+00 -0.585030927E+00  0.775574338E+00  0.237114447E+00  1  0.209529773E+01 -0.700213475E+00  0.756935082E+00 -0.229719368E+00  0.812712500E+00  0.347637618E+00 -0.317298263E+00 -0.185796658E+00 -0.175148235E+00 -0.208558477E+01 -0.100976946E+01 -0.210942375E-13 -0.177635684E-14 -0.832667268E-14
 0.267526228E+00  0.702620483E-02 -0.351310242E-01  0.351310242E-01  0.763810353E+00  0.525600597E+00  0.374616814E+00 -0.619050863E+00  0.760828480E+00  0.194720448E+00  1  0.180842530E+01 -0.501773959E+00  0.928589550E+00  0.267621931E+00 -0.760640950E+00 -0.265459973E+00  0.403690102E+00  0.277791153E+00  0.197992996E+00 -0.196925474E+01 -0.883672551E+00 -0.235367281E-13 -0.155431223E-14 -0.879851747E-14
 0.302297442E+00  0.702620483E-02 -0.351310242E-01  0.351310242E-01  0.745642444E+00  0.584350727E+00  0.320236746E+00 -0.650359075E+00  0.742841931E+00  0.158804720E+00  1  0.159047039E+01 -0.339739947E+00  0.101304243E+01  0.310480158E+00 -0.704164177E+00 -0.198076263E+00  0.452648986E+00  0.354735391E+00  0.194402612E+00 -0.184378993E+01 -0.777011622E+00 -0.247579734E-13 -0.122124533E-14 -0.920097332E-14
 0.338049345E+00  0.702620483E-02 -0.351310242E-01  0.351310242E-01  0.724747733E+00  0.634314974E+00  0.269045049E+00 -0.679713470E+00  0.722147356E+00  0.128424276E+00  1  0.143108814E+01 -0.212562195E+00  0.105166103E+01  0.354383648E+00 -0.646980358E+00 -0.145149115E+00  0.477872287E+00  0.418244216E+00  0.177398517E+00 -0.171523137E+01 -0.686150287E+00 -0.262012634E-13 -0.999200722E-15 -0.945771239E-14
 0.375005540E+00  0.702620483E-02 -0.351310242E-01  0.351310242E-01  0.701360179E+00  0.677192012E+00  0.222496919E+00 -0.707613487E+00  0.699073802E+00  0.102854130E+00  1  0.131880831E+01 -0.116470658E+00  0.106495500E+01  0.394380552E+00  0.581645841E+00  0.172675129E+00 -0.488373993E+00  0.482480155E+00  0.709868921E-01 -0.158817387E+01 -0.608454982E+00 -0.266453526E-13 -0.999200722E-15 -0.959302082E-14
 0.411888161E+00  0.702620483E-02 -0.351310242E-01  0.351310242E-01  0.676676061E+00  0.713227285E+00  0.182801391E+00 -0.733430351E+00  0.674776820E+00  0.821958807E-01  1  0.124552579E+01 -0.485411499E-01  0.106494133E+01  0.414161939E+00  0.584547228E+00  0.140542852E+00 -0.501219097E+00  0.461135851E+00  0.561718574E-01 -0.147021755E+01 -0.544130238E+00 -0.266453526E-13 -0.999200722E-15 -0.941087486E-14
 0.448698450E+00  0.702620483E-02 -0.351310242E-01  0.351310242E-01  0.651032915E+00  0.744167699E+00  0.149567973E+00 -0.757505329E+00  0.649532884E+00  0.655187777E-01  1  0.119974152E+01 -0.136164605E-02  0.105904453E+01  0.423273026E+00  0.589791729E+00  0.113993200E+00 -0.513760202E+00  0.440530427E+00  0.444365726E-01 -0.136245717E+01 -0.490493817E+00 -0.269784195E-13 -0.777156117E-15 -0.933628175E-14
 0.486045526E+00  0.702620483E-02 -0.351310242E-01  0.351310242E-01  0.624199853E+00  0.771731510E+00  0.121675886E+00 -0.780444290E+00  0.623071241E+00  0.518549826E-01  1  0.117190370E+01  0.314655548E-01  0.105091595E+01  0.424838198E+00  0.596530362E+00  0.919706247E-01 -0.526557287E+00  0.420379401E+00  0.349859937E-01 -0.126334702E+01 -0.444751100E+00 -0.264233080E-13 -0.777156117E-15 -0.940306860E-14
 0.524319687E+00  0.702620483E-02 -0.351310242E-01  0.351310242E-01  0.595975962E+00  0.796959372E+00  0.983280850E-01 -0.802575673E+00  0.595167678E+00  0.405921668E-01  1  0.115496988E+01  0.541713074E-01  0.104232700E+01  0.420736677E+00  0.604314678E+00  0.737391593E-01 -0.539786262E+00  0.400290399E+00  0.273009695E-01 -0.117186229E+01 -0.405186489E+00 -0.264233080E-13 -0.999200722E-15 -0.893469326E-14
 0.563821296E+00  0.702620483E-02 -0.351310242E-01  0.351310242E-01  0.566148104E+00  0.820520738E+00  0.788799284E-01 -0.824086003E+00  0.565599582E+00  0.312949233E-01  1  0.114402171E+01  0.697144020E-01  0.103414128E+01  0.412171143E+00  0.612876289E+00  0.587147905E-01 -0.553458378E+00  0.379858202E+00  0.210177548E-01 -0.108717997E+01 -0.370624416E+00 -0.265343303E-13 -0.122124533E-14 -0.850621656E-14
 0.604814002E+00  0.702620483E-02 -0.351310242E-01  0.351310242E-01  0.534476891E+00  0.842848211E+00  0.627801498E-01 -0.845073414E+00  0.534127800E+00  0.236308732E-01  1  0.113619604E+01  0.802063024E-01  0.102675439E+01  0.399916636E+00  0.622033808E+00  0.464072103E-01 -0.567513829E+00  0.358696544E+00  0.158694465E-01 -0.100858130E+01 -0.340203564E+00 -0.265343303E-13 -0.144328993E-14 -0.872262332E-14
 0.647552004E+00  0.702620483E-02 -0.351310242E-01  0.351310242E-01  0.500690187E+00  0.864207429E+00  0.495465024E-01 -0.865570892E+00  0.500486309E+00  0.173345222E-01  1  0.113008954E+01  0.871616622E-01  0.102031496E+01  0.384451163E+00  0.631646155E+00  0.363952086E-01 -0.581864429E+00  0.336442899E+00  0.116528201E-01 -0.935419711E+00 -0.313264530E+00 -0.260902411E-13 -0.122124533E-14 -0.847065473E-14
 0.692297258E+00  0.702620483E-02 -0.351310242E-01  0.351310242E-01  0.464477715E+00  0.884736467E+00  0.387535257E-01 -0.885555429E+00  0.464373825E+00  0.121873957E-01  1  0.112509437E+01  0.916652514E-01  0.101484120E+01  0.366032190E+00  0.641585493E+00  0.283137978E-01 -0.596411438E+00  0.312750452E+00  0.820807137E-02 -0.867109266E+00 -0.289286594E+00 -0.258681965E-13 -0.166533454E-14 -0.847786468E-14
 0.739332980E+00  0.702620483E-02 -0.351310242E-01  0.351310242E-01  0.425484323E+00  0.904467574E+00  0.300249795E-01 -0.904948883E+00  0.425444968E+00  0.800614619E-02  1  0.112096256E+01  0.944900747E-01  0.101028381E+01  0.344743508E+00  0.651718891E+00  0.218458785E-01 -0.611049710E+00  0.287273712E+00  0.540599961E-02 -0.803119265E+00 -0.267848576E+00 -0.252020627E-13 -0.199840144E-14 -0.820402231E-14
 0.788976242E+00  0.702620483E-02 -0.351310242E-01  0.351310242E-01  0.383301079E+00  0.923336329E+00  0.230283646E-01 -0.923612260E+00  0.383300027E+00  0.463499269E-02  1  0.111758242E+01  0.961831492E-01  0.100656039E+01  0.320523226E+00  0.661893141E+00  0.167159770E-01 -0.625663226E+00  0.259650875E+00  0.313978561E-02 -0.742970646E+00 -0.248602756E+00 -0.247579734E-13 -0.177635684E-14 -0.811166184E-14
 0.841591797E+00  0.702620483E-02 -0.351310242E-01  0.351310242E-01  0.337453362E+00  0.941180117E+00  0.174704553E-01 -0.941333453E+00  0.337472316E+00  0.194065298E-02  1  0.111487996E+01  0.971283787E-01  0.100357451E+01  0.293177737E+00  0.671919142E+00  0.126850741E-01 -0.640114064E+00  0.229483798E+00  0.131965911E-02 -0.686232546E+00 -0.231256121E+00 -0.247579734E-13 -0.233146835E-14 -0.797246383E-14
 0.897608814E+00  0.702620483E-02 -0.351310242E-01  0.351310242E-01  0.287385392E+00  0.957725534E+00  0.130934605E-01 -0.957806903E+00  0.287412422E+00 -0.191172574E-03  1  0.111278238E+01  0.975926330E-01  0.100122629E+01  0.262383881E+00  0.681552535E+00  0.954617807E-02 -0.654224683E+00  0.196315458E+00 -0.130579364E-03 -0.632518965E+00 -0.215555875E+00 -0.243138842E-13 -0.222044605E-14 -0.785497613E-14
 0.957542312E+00  0.702620483E-02 -0.351310242E-01  0.351310242E-01  0.232440793E+00  0.972562459E+00  0.967162845E-02 -0.972602092E+00  0.232468745E+00 -0.185829301E-02  1  0.111120926E+01  0.977593602E-01  0.999418411E+00  0.227680088E+00  0.690466565E+00  0.712047007E-02 -0.667751368E+00  0.159604142E+00 -0.127583285E-02 -0.581486015E+00 -0.201277251E+00 -0.238697950E-13 -0.222044605E-14 -0.780392122E-14
 0.102202217E+01  0.702620483E-02 -0.351310242E-01  0.351310242E-01  0.171838552E+00  0.985100197E+00  0.700815175E-02 -0.985115734E+00  0.171863628E+00 -0.314380591E-02  1  0.111007471E+01  0.977529268E-01  0.998059451E+00  0.188446217E+00  0.698211472E+00  0.525388741E-02 -0.680344320E+00  0.118693103E+00 -0.217118702E-02 -0.532830006E+00 -0.188212080E+00 -0.236477504E-13 -0.222044605E-14 -0.770518089E-14
 0.109183348E+01  0.702620483E-02 -0.351310242E-01  0.351310242E-01  0.104644755E+00  0.994497435E+00  0.493230548E-02 -0.994498977E+00  0.104665338E+00 -0.411730871E-02  1  0.110929267E+01  0.976560869E-01  0.997065771E+00  0.143871684E+00  0.704151354E+00  0.381405294E-02 -0.691485989E+00  0.727749513E-01 -0.286280967E-02 -0.486287372E+00 -0.176156731E+00 -0.230926389E-13 -0.255351296E-14 -0.765402010E-14
 0.116797455E+01  0.702620483E-02 -0.351310242E-01  0.351310242E-01  0.297418655E-01  0.999552176E+00  0.329673701E-02 -0.999545447E+00  0.297576141E-01 -0.483559550E-02  1  0.110878214E+01  0.975224097E-01  0.996362495E+00  0.929120891E-01  0.707363642E+00  0.268744417E-02 -0.700393127E+00  0.208515065E-01 -0.338835804E-02 -0.441637340E+00 -0.164897696E+00 -0.225375274E-13 -0.266453526E-14 -0.755225079E-14
 0.125174289E+01  0.702620483E-02 -0.351310242E-01  0.351310242E-01 -0.541978983E-01  0.998528261E+00  0.197487419E-02 -0.998516528E+00 -0.541866946E-01 -0.534277614E-02  1  0.110847094E+01  0.973850543E-01  0.995883958E+00 -0.705668254E+00 -0.110162219E+00 -0.393836086E-02  0.379339252E-01 -0.698884967E+00 -0.138224419E-02 -0.398709206E+00 -0.154192444E+00 -0.218713936E-13 -0.233146835E-14 -0.740871089E-14
 0.134486608E+01  0.702620483E-02 -0.351310242E-01  0.351310242E-01 -0.148716962E+00  0.988879431E+00  0.858475713E-03 -0.988864625E+00 -0.148709813E+00 -0.566962328E-02  1  0.110829807E+01  0.972629449E-01  0.995573801E+00 -0.699228194E+00 -0.174467500E+00 -0.412629015E-02  0.103101083E+00 -0.685560945E+00 -0.595155894E-03 -0.357397157E+00 -0.143741971E+00 -0.208721929E-13 -0.222044605E-14 -0.738793148E-14
 0.144970745E+01  0.702620483E-02 -0.351310242E-01  0.351310242E-01 -0.255508277E+00  0.966806857E+00 -0.144502052E-03 -0.966790212E+00 -0.255504749E+00 -0.583175519E-02  1  0.110821461E+01  0.971651327E-01  0.995384824E+00 -0.684748840E+00 -0.244972055E+00 -0.421689128E-02  0.175370640E+00 -0.663577475E+00  0.991804167E-04 -0.317687397E+00 -0.133149484E+00 -0.204281037E-13 -0.222044605E-14 -0.733306302E-14
 0.156962565E+01  0.702620483E-02 -0.351310242E-01  0.351310242E-01 -0.376193201E+00  0.926540577E+00 -0.111135296E-02 -0.926522989E+00 -0.376193048E+00 -0.582594769E-02  1  0.110818352E+01  0.970939161E-01  0.995278649E+00 -0.659035686E+00 -0.322258969E+00 -0.420752623E-02  0.255646301E+00 -0.629641021E+00  0.755232348E-03 -0.279697418E+00 -0.121855090E+00 -0.200950367E-13 -0.277555756E-14 -0.737134996E-14
 0.169737389E+01  0.702620483E-02 -0.351310242E-01  0.351310242E-01 -0.500170395E+00  0.865924644E+00 -0.202145896E-02 -0.865906890E+00 -0.500173325E+00 -0.564825706E-02  1  0.110817859E+01  0.970501432E-01  0.995228200E+00 -0.621323067E+00 -0.399500601E+00 -0.409649190E-02  0.337138642E+00 -0.583674408E+00  0.136255952E-02 -0.246562678E+00 -0.110156666E+00 -0.199840144E-13 -0.233146835E-14 -0.722064586E-14
 0.182203090E+01  0.702620483E-02 -0.351310242E-01  0.351310242E-01 -0.613383573E+00  0.789780096E+00 -0.282725012E-02 -0.789762760E+00 -0.613389207E+00 -0.533517399E-02  1  0.110818180E+01  0.970267357E-01  0.995207273E+00 -0.574840873E+00 -0.468656805E+00 -0.390636026E-02  0.411426093E+00 -0.529743791E+00  0.189637369E-02 -0.220371043E+00 -0.986649023E-01 -0.197619698E-13 -0.233146835E-14 -0.712266278E-14
 0.194472829E+01  0.702620483E-02 -0.351310242E-01  0.351310242E-01 -0.714283191E+00  0.699847795E+00 -0.354784167E-02 -0.699831307E+00 -0.714291265E+00 -0.491226963E-02  1  0.110818592E+01  0.970143167E-01  0.995198668E+00  0.520452739E+00  0.529693089E+00  0.365161963E-02 -0.478378252E+00  0.468710406E+00 -0.237610281E-02 -0.199570223E+00 -0.870945947E-01 -0.195399252E-13 -0.244249065E-14 -0.694686618E-14
 0.206635010E+01  0.702620483E-02 -0.351310242E-01  0.351310242E-01 -0.801396310E+00  0.598119080E+00 -0.418573664E-02 -0.598103784E+00 -0.801406591E+00 -0.439758036E-02  1  0.110818914E+01  0.970077785E-01  0.995195230E+00  0.458887848E+00  0.582410961E+00  0.334085901E-02 -0.537717369E+00  0.401323308E+00 -0.280852715E-02 -0.183013587E+00 -0.753588670E-01 -0.200950367E-13 -0.255351296E-14 -0.683729061E-14
 0.218753861E+01  0.702620483E-02 -0.351310242E-01  0.351310242E-01 -0.873453265E+00  0.486884949E+00 -0.473715474E-02 -0.486871130E+00 -0.873465516E+00 -0.380712730E-02  1  0.110819131E+01  0.970043694E-01  0.995193934E+00  0.390861317E+00  0.626465048E+00  0.298019674E-02 -0.589021091E+00  0.328335259E+00 -0.319454305E-02 -0.169800755E+00 -0.635098447E-01 -0.204281037E-13 -0.210942375E-14 -0.681521354E-14
 0.230874537E+01  0.702620483E-02 -0.351310242E-01  0.351310242E-01 -0.929547927E+00  0.368664674E+00 -0.519704046E-02 -0.368652565E+00 -0.929561897E+00 -0.315682427E-02  1  0.110819265E+01  0.970026127E-01  0.995193500E+00  0.317144154E+00  0.661422187E+00  0.257492701E-02 -0.631773761E+00  0.250565529E+00 -0.353220496E-02 -0.159183703E+00 -0.516931732E-01 -0.212052598E-13 -0.144328993E-14 -0.658994005E-14
 0.243031288E+01  0.702620483E-02 -0.351310242E-01  0.351310242E-01 -0.969247169E+00  0.246026408E+00 -0.556162333E-02 -0.246016192E+00 -0.969262590E+00 -0.246248235E-02  1  0.110819344E+01  0.970017198E-01  0.995193390E+00  0.238578819E+00  0.686827831E+00  0.213021681E-02 -0.665431165E+00  0.168908039E+00 -0.381830105E-02 -0.150517752E+00 -0.401064285E-01 -0.215383267E-13 -0.999200722E-15 -0.643496012E-14
 0.255256240E+01  0.702620483E-02 -0.351310242E-01  0.351310242E-01 -0.992590318E+00  0.121369185E+00 -0.582941559E-02 -0.121361002E+00 -0.992606913E+00 -0.173895188E-02  1  0.110819389E+01  0.970012728E-01  0.995193390E+00  0.156057533E+00  0.702250056E+00  0.165127992E-02 -0.689466824E+00  0.843046978E-01 -0.404919188E-02 -0.143241171E+00 -0.289621154E-01 -0.219824159E-13 -0.999200722E-15 -0.621919881E-14
 0.267587165E+01  0.702620483E-02 -0.351310242E-01  0.351310242E-01 -0.999976690E+00 -0.325684556E-02 -0.600108731E-02  0.326289862E-02 -0.999994178E+00 -0.999145778E-03  1  0.110819413E+01  0.970010527E-01  0.995193417E+00 -0.706903925E+00 -0.750881996E-01 -0.431643965E-02  0.229479447E-02 -0.703295252E+00 -0.702698573E-03 -0.136868414E+00 -0.184594233E-01 -0.223154828E-13 -0.122124533E-14 -0.600349255E-14
 0.280388415E+01  0.702620483E-02 -0.351310242E-01  0.351310242E-01 -0.991588400E+00 -0.129288385E+00 -0.607938274E-02  0.129292186E+00 -0.991606512E+00 -0.234737342E-03  1  0.110819427E+01  0.970009446E-01  0.995193444E+00 -0.701182865E+00 -0.161569934E+00 -0.437038455E-02  0.897830343E-01 -0.688591044E+00 -0.163006222E-03 -0.130842169E+00 -0.853687028E-02 -0.223154828E-13 -0.155431223E-14 -0.582156088E-14
 0.294126701E+01  0.702620483E-02 -0.351310242E-01  0.351310242E-01 -0.965911700E+00 -0.258800881E+00 -0.605742745E-02  0.258802262E+00 -0.965930156E+00  0.568215041E-03  1  0.110819434E+01  0.970008928E-01  0.995193465E+00 -0.684245694E+00 -0.247180090E+00 -0.435609367E-02  0.177556244E+00 -0.662694867E+00  0.389834802E-03 -0.124642098E+00  0.834856983E-03 -0.225375274E-13 -0.999200722E-15 -0.553871414E-14
 0.309001788E+01  0.702620483E-02 -0.351310242E-01  0.351310242E-01 -0.920549634E+00 -0.390580758E+00 -0.591965226E-02  0.390579560E+00 -0.920568104E+00  0.140485040E-02  1  0.110819438E+01  0.970008698E-01  0.995193478E+00 -0.655307638E+00 -0.331348920E+00 -0.426831127E-02  0.265123143E+00 -0.624876295E+00  0.953604315E-03 -0.117881086E+00  0.937290467E-02 -0.229816166E-13 -0.888178420E-15 -0.498992869E-14
 0.324216363E+01  0.702620483E-02 -0.351310242E-01  0.351310242E-01 -0.857229347E+00 -0.514903619E+00 -0.566653326E-02  0.514899863E+00 -0.857247470E+00  0.221506773E-02  1  0.110819439E+01  0.970008609E-01  0.995193485E+00 -0.616004058E+00 -0.408569789E+00 -0.411125374E-02  0.346781455E+00 -0.577350173E+00  0.149183262E-02 -0.110648404E+00  0.163361734E-01 -0.226485497E-13 -0.122124533E-14 -0.467034824E-14
 0.339477540E+01  0.702620483E-02 -0.351310242E-01  0.351310242E-01 -0.778247151E+00 -0.627935663E+00 -0.530795323E-02  0.627929449E+00 -0.778264586E+00  0.297352411E-02  1  0.110819440E+01  0.970008576E-01  0.995193488E+00 -0.567867522E+00 -0.477481218E+00 -0.389273789E-02  0.421004575E+00 -0.521798987E+00  0.199364316E-02 -0.102921554E+00  0.215704467E-01 -0.213162821E-13 -0.999200722E-15 -0.425877663E-14
 0.354794612E+01  0.702620483E-02 -0.351310242E-01  0.351310242E-01 -0.684779787E+00 -0.728733917E+00 -0.485001680E-02  0.728725371E+00 -0.684796204E+00  0.367336115E-02  1  0.110819440E+01  0.970008565E-01  0.995193490E+00 -0.511365893E+00 -0.538418758E+00 -0.361591731E-02  0.488081240E+00 -0.458658630E+00  0.246032146E-02 -0.946469002E-01  0.251832312E-01 -0.204281037E-13 -0.177635684E-14 -0.390477784E-14
 0.370133140E+01  0.702620483E-02 -0.351310242E-01  0.351310242E-01 -0.578013197E+00 -0.816016095E+00 -0.429853405E-02  0.816005371E+00 -0.578028282E+00  0.430567777E-02  1  0.110819440E+01  0.970008562E-01  0.995193490E+00 -0.446675423E+00 -0.591294209E+00 -0.328176157E-02  0.547904590E+00 -0.388115520E+00  0.289103564E-02 -0.858808806E-01  0.273353670E-01 -0.189848137E-13 -0.199840144E-14 -0.395251323E-14
 0.385416247E+01  0.702620483E-02 -0.351310242E-01  0.351310242E-01 -0.459438971E+00 -0.888201796E+00 -0.366084291E-02  0.888189087E+00 -0.459452426E+00  0.485947412E-02  1  0.110819440E+01  0.970008561E-01  0.995193491E+00 -0.373907227E+00 -0.635573468E+00 -0.289039392E-02  0.599926461E+00 -0.310336697E+00  0.328232710E-02 -0.767792498E-01  0.282481204E-01 -0.174305015E-13 -0.210942375E-14 -0.359498062E-14
 0.400539592E+01  0.702620483E-02 -0.351310242E-01  0.351310242E-01 -0.331045853E+00 -0.943610066E+00 -0.294716021E-02  0.943595605E+00 -0.331057404E+00  0.532264099E-02  1  0.110819440E+01  0.970008561E-01  0.995193491E+00 -0.293302379E+00 -0.670328077E+00 -0.244231477E-02  0.643188998E+00 -0.225660737E+00  0.362810521E-02 -0.675745442E-01  0.282008311E-01 -0.166533454E-13 -0.233146835E-14 -0.374176466E-14
 0.415406978E+01  0.702620483E-02 -0.351310242E-01  0.351310242E-01 -0.195245052E+00 -0.980752088E+00 -0.217043233E-02  0.980736148E+00 -0.195254457E+00  0.568379135E-02  1  0.110819440E+01  0.970008561E-01  0.995193491E+00 -0.205316951E+00 -0.694353078E+00 -0.193903219E-02  0.676434271E+00 -0.134671090E+00  0.392022999E-02 -0.585325730E-01  0.275113494E-01 -0.162092562E-13 -0.233146835E-14 -0.388328184E-14
 0.429973325E+01  0.702620483E-02 -0.351310242E-01  0.351310242E-01 -0.545442126E-01 -0.998510451E+00 -0.134456238E-02  0.998493340E+00 -0.545512680E-01  0.593366772E-02  1  0.110819440E+01  0.970008561E-01  0.995193491E+00 -0.110581535E+00 -0.706263000E+00 -0.138291704E-02  0.698204911E+00 -0.381454354E-01  0.414916733E-02 -0.499001598E-01  0.265021121E-01 -0.149880108E-13 -0.288657986E-14 -0.396177469E-14
 0.444099462E+01  0.702620483E-02 -0.351310242E-01  0.351310242E-01  0.870372252E-01 -0.996204938E+00 -0.492967074E-03  0.996187002E+00  0.870326574E-01  0.606409466E-02  1  0.110819440E+01  0.970008561E-01  0.995193491E+00  0.704297253E+00  0.132940411E+00  0.436003172E-02 -0.606939234E-01  0.694686509E+00  0.343762175E-03 -0.419634884E-01  0.254806002E-01 -0.142108547E-13 -0.333066907E-14 -0.402022081E-14
 0.457920095E+01  0.702620483E-02 -0.351310242E-01  0.351310242E-01  0.227748429E+00 -0.973719936E+00  0.373969371E-03  0.973701533E+00  0.227746457E+00  0.607259479E-02  1  0.110819440E+01  0.970008561E-01  0.995193491E+00  0.689324197E+00  0.226932545E+00  0.436598838E-02 -0.156686071E+00  0.669898589E+00 -0.257282967E-03 -0.348201429E-01  0.246899580E-01 -0.142108547E-13 -0.410782519E-14 -0.402140623E-14
 0.471154744E+01  0.702620483E-02 -0.351310242E-01  0.351310242E-01  0.361409182E+00 -0.932406521E+00  0.121779961E-02  0.932388023E+00  0.361409797E+00  0.596097514E-02  1  0.110819440E+01  0.970008561E-01  0.995193491E+00  0.662776203E+00  0.312944726E+00  0.429438439E-02 -0.245857840E+00  0.634293384E+00 -0.828439335E-03 -0.287274593E-01  0.243313015E-01 -0.140998324E-13 -0.455191440E-14 -0.423396026E-14
 0.483940850E+01  0.702620483E-02 -0.351310242E-01  0.351310242E-01  0.486214615E+00 -0.873837080E+00  0.202609541E-02  0.873818843E+00  0.486217769E+00  0.573682821E-02  1  0.110819440E+01  0.970008561E-01  0.995193491E+00  0.626217520E+00  0.390908572E+00  0.415453289E-02 -0.327978643E+00  0.589451429E+00 -0.136671339E-02 -0.236607076E-01  0.245063809E-01 -0.142108547E-13 -0.466293670E-14 -0.423668093E-14
 0.496415029E+01  0.702620483E-02 -0.351310242E-01  0.351310242E-01  0.600580767E+00 -0.799559235E+00  0.278777881E-02  0.799541596E+00  0.600586373E+00  0.540782302E-02  1  0.110819440E+01  0.970008561E-01  0.995193491E+00  0.580786809E+00  0.460888232E+00  0.395332926E-02 -0.402995106E+00  0.536511451E+00 -0.187062470E-02 -0.195668296E-01  0.252662298E-01 -0.143218770E-13 -0.466293670E-14 -0.462436621E-14
 0.500000000E+01  0.702620483E-02 -0.351310242E-01  0.351310242E-01  0.631644408E+00 -0.775252442E+00  0.299887386E-02  0.775235038E+00  0.631650705E+00  0.529367699E-02  1  0.110819440E+01  0.970008561E-01  0.995193491E+00  0.566042447E+00  0.479732207E+00  0.388408861E-02 -0.423455217E+00  0.519730227E+00 -0.201044887E-02 -0.185498238E-01  0.255993406E-01 -0.142108547E-13 -0.466293670E-14 -0.460346144E-14
